 8.91867754681891292e-03
 8.91867784301477243e-03
 8.91868190906444994e-03
 1.32035895262528156e-02
 1.52870757664667588e-02
 1.52884709046117988e-02
 1.52891593217371023e-02
 1.52912170867123987e-02
 1.52918722842439528e-02
 1.52920986654095752e-02
 1.60832670048201669e-02
 1.60834208716224593e-02
 1.60834485775879152e-02
 1.60836169029442699e-02
 1.60836809657258009e-02
 1.60837653936599517e-02
 1.81649116779751957e-02
 1.81660700682763701e-02
 2.22646134804145301e-02
 4.16863439909071556e-02
