 1.31871916818618774e+03
 8.80430570840835571e+02
 1.29167097520828247e+03
 1.88368866181373596e+03
 1.11275883293151855e+03
 9.92363842010498047e+02
 7.54170740842819214e+02
 1.24962615799903870e+03
 1.03003571391105652e+03
 8.31426820993423462e+02
 7.94733444213867188e+02
 8.48745906114578247e+02
 8.92103047847747803e+02
 9.72829191207885742e+02
 9.82080507993698120e+02
 7.09471316099166870e+02
 8.39199634790420532e+02
 1.56341708517074585e+03
 6.65410233020782471e+02
 7.86678127050399780e+02
